! MOLECULE
o-NH3 hyperfine spectrum up to 200 cm^-1 above ground from CDMS (Dec 2020)
! MOLECULAR WEIGHT
17.0
! NUMBER OF ENERGY LEVELS
25
! LEVEL | ENERGY [CM-1] | WEIGHT | J_K_eps_F
      1        0.000000     12.0   0_0_-1_1
      2       19.096449     12.0   1_0_1_1
      3       19.096490     20.0   1_0_1_2
      4       19.096551      4.0   1_0_1_0
      5       59.619584     20.0   2_0_-1_2
      6       59.619628     28.0   2_0_-1_3
      7       59.619651     12.0   2_0_-1_1
      8       85.068155     20.0   3_3_1_2
      9       85.068177     36.0   3_3_1_4
     10       85.068233     28.0   3_3_1_3
     11       85.864377     20.0   3_3_-1_2
     12       85.864399     36.0   3_3_-1_4
     13       85.864454     28.0   3_3_-1_3
     14      118.444428     28.0   3_0_1_3
     15      118.444474     36.0   3_0_1_4
     16      118.444489     20.0   3_0_1_2
     17      164.537695     28.0   4_3_1_3
     18      164.537701     44.0   4_3_1_5
     19      164.537716     36.0   4_3_1_4
     20      165.294495     28.0   4_3_-1_3
     21      165.294501     44.0   4_3_-1_5
     22      165.294516     36.0   4_3_-1_4
     23      198.500511     36.0   4_0_-1_4
     24      198.500558     44.0   4_0_-1_5
     25      198.500568     28.0   4_0_-1_3
! NUMBER OF RADIATIVE TRANSITIONS
47
! TRANS | UP  | LOW | A_ul [s-1] |   FREQ [GHz]  |  E_up [K]
      1    2      1    1.578e-03     572.4971252     27.476
      2    3      1    1.579e-03     572.4983654     27.476
      3    4      1    1.578e-03     572.5001854     27.476
      4    5      2    1.358e-02    1214.8530337     85.779
      5    5      3    4.528e-03    1214.8517934     85.779
      6    6      3    1.813e-02    1214.8531240     85.779
      7    7      2    7.540e-03    1214.8550585     85.779
      8    7      3    5.029e-04    1214.8538182     85.779
      9    7      4    1.005e-02    1214.8519983     85.779
     10   11      8    2.280e-07      23.8701303    123.540
     11   11     10    2.852e-08      23.8678062    123.540
     12   12      9    2.413e-07      23.8701296    123.540
     13   12     10    1.607e-08      23.8684499    123.540
     14   13      8    2.038e-08      23.8724520    123.540
     15   13      9    2.067e-08      23.8718076    123.540
     16   13     10    2.159e-07      23.8701279    123.540
     17   14      5    5.281e-02    1763.5244609    170.415
     18   14      6    6.606e-03    1763.5231303    170.415
     19   15      6    5.951e-02    1763.5245171    170.415
     20   16      5    9.236e-03    1763.5262763    170.415
     21   16      6    2.640e-04    1763.5249457    170.415
     22   16      7    4.984e-02    1763.5242515    170.415
     23   17     11    5.897e-02    2358.5667240    236.733
     24   17     12    8.204e-05    2358.5660803    236.733
     25   17     13    5.163e-03    2358.5644023    236.733
     26   18     12    6.446e-02    2358.5662650    236.733
     27   19     12    4.024e-03    2358.5667145    236.733
     28   19     13    6.029e-02    2358.5650365    236.733
     29   20      8    6.253e-02    2405.1251648    237.822
     30   20      9    8.699e-05    2405.1245205    237.822
     31   20     10    5.475e-03    2405.1228407    237.822
     32   20     17    1.241e-07      22.6883106    237.822
     33   20     19    8.280e-09      22.6876764    237.822
     34   21      9    6.835e-02    2405.1247052    237.822
     35   21     18    1.277e-07      22.6883105    237.822
     36   21     19    5.312e-09      22.6878611    237.822
     37   22      9    4.267e-03    2405.1251541    237.822
     38   22     10    6.395e-02    2405.1234743    237.822
     39   22     17    6.442e-09      22.6889442    237.822
     40   22     18    6.493e-09      22.6887594    237.822
     41   22     19    1.197e-07      22.6883100    237.822
     42   23     14    1.459e-01    2400.0209850    285.598
     43   23     15    9.733e-03    2400.0195982    285.598
     44   24     15    1.559e-01    2400.0210275    285.598
     45   25     14    1.249e-02    2400.0227123    285.598
     46   25     15    1.984e-04    2400.0213255    285.598
     47   25     16    1.426e-01    2400.0208969    285.598
! NUMBER OF COLLISION PARTNERS
1
! COLLISIONS BETWEEN
2 o-NH3 + p-H2 from Loreau et al. MNRAS 526 3213 (2023) https://doi.org/10.1093/mnras/stad2979
! NUMBER OF COLLISIONAL TRANSITIONS
300
! NUMBER OF TEMPERATURES
11
! TEMPERATURES
                           5.0      10.0      20.0      30.0      40.0      50.0      60.0      70.0      80.0      90.0     100.0
! TRANS | UP  | LOW | RATE COEFFICIENT [cm3.s-1]
      1     2     1   5.51e-11  6.13e-11  6.81e-11  6.97e-11  6.98e-11  6.95e-11  6.94e-11  6.94e-11  6.96e-11  7.00e-11  7.04e-11
      2     3     1   5.51e-11  6.13e-11  6.81e-11  6.97e-11  6.98e-11  6.95e-11  6.94e-11  6.94e-11  6.96e-11  7.00e-11  7.04e-11
      3     3     2   1.87e-11  2.47e-11  2.96e-11  2.94e-11  2.77e-11  2.57e-11  2.39e-11  2.23e-11  2.09e-11  1.97e-11  1.87e-11
      4     4     1   5.51e-11  6.13e-11  6.81e-11  6.97e-11  6.98e-11  6.95e-11  6.94e-11  6.94e-11  6.96e-11  7.00e-11  7.04e-11
      5     4     2   5.54e-12  1.24e-11  1.61e-11  1.52e-11  1.35e-11  1.19e-11  1.04e-11  9.17e-12  8.15e-12  7.30e-12  6.59e-12
      6     4     3   3.85e-11  4.81e-11  5.68e-11  5.68e-11  5.40e-11  5.06e-11  4.74e-11  4.45e-11  4.19e-11  3.97e-11  3.78e-11
      7     5     1   2.26e-11  2.23e-11  2.11e-11  1.95e-11  1.82e-11  1.71e-11  1.62e-11  1.54e-11  1.48e-11  1.43e-11  1.38e-11
      8     5     2   6.28e-11  6.40e-11  6.49e-11  6.47e-11  6.44e-11  6.43e-11  6.44e-11  6.47e-11  6.51e-11  6.56e-11  6.62e-11
      9     5     3   3.13e-11  3.11e-11  2.99e-11  2.87e-11  2.78e-11  2.73e-11  2.69e-11  2.67e-11  2.66e-11  2.65e-11  2.66e-11
     10     5     4   1.89e-12  1.70e-12  1.29e-12  1.02e-12  8.44e-13  7.13e-13  6.15e-13  5.38e-13  4.76e-13  4.26e-13  3.85e-13
     11     6     1   2.26e-11  2.23e-11  2.11e-11  1.95e-11  1.82e-11  1.71e-11  1.62e-11  1.54e-11  1.48e-11  1.43e-11  1.38e-11
     12     6     2   8.11e-12  7.65e-12  6.51e-12  5.68e-12  5.11e-12  4.70e-12  4.39e-12  4.16e-12  3.97e-12  3.82e-12  3.70e-12
     13     6     3   8.48e-11  8.62e-11  8.70e-11  8.64e-11  8.58e-11  8.55e-11  8.56e-11  8.59e-11  8.64e-11  8.70e-11  8.77e-11
     14     6     4   3.11e-12  2.97e-12  2.61e-12  2.33e-12  2.13e-12  1.99e-12  1.89e-12  1.81e-12  1.75e-12  1.70e-12  1.66e-12
     15     6     5   1.13e-11  1.12e-11  1.20e-11  1.20e-11  1.16e-11  1.10e-11  1.04e-11  9.87e-12  9.37e-12  8.92e-12  8.53e-12
     16     7     1   2.26e-11  2.23e-11  2.11e-11  1.95e-11  1.82e-11  1.71e-11  1.62e-11  1.54e-11  1.48e-11  1.43e-11  1.38e-11
     17     7     2   3.65e-11  3.68e-11  3.68e-11  3.63e-11  3.59e-11  3.57e-11  3.56e-11  3.56e-11  3.58e-11  3.60e-11  3.63e-11
     18     7     3   1.66e-11  1.60e-11  1.42e-11  1.28e-11  1.19e-11  1.12e-11  1.07e-11  1.03e-11  1.00e-11  9.79e-12  9.61e-12
     19     7     4   4.30e-11  4.40e-11  4.52e-11  4.53e-11  4.53e-11  4.54e-11  4.56e-11  4.59e-11  4.63e-11  4.67e-11  4.72e-11
     20     7     5   1.93e-11  1.91e-11  2.09e-11  2.12e-11  2.07e-11  1.98e-11  1.89e-11  1.80e-11  1.71e-11  1.64e-11  1.57e-11
     21     7     6   6.98e-12  6.94e-12  6.90e-12  6.54e-12  6.06e-12  5.58e-12  5.14e-12  4.77e-12  4.44e-12  4.16e-12  3.92e-12
     22     8     1   1.72e-12  1.40e-12  9.86e-13  7.61e-13  6.25e-13  5.30e-13  4.60e-13  4.05e-13  3.61e-13  3.25e-13  2.95e-13
     23     8     2   2.76e-11  2.75e-11  2.70e-11  2.64e-11  2.60e-11  2.57e-11  2.56e-11  2.55e-11  2.55e-11  2.55e-11  2.55e-11
     24     8     3   1.50e-11  1.47e-11  1.41e-11  1.36e-11  1.33e-11  1.31e-11  1.30e-11  1.29e-11  1.29e-11  1.29e-11  1.29e-11
     25     8     4   5.72e-13  5.86e-13  4.53e-13  3.77e-13  3.31e-13  2.97e-13  2.69e-13  2.45e-13  2.25e-13  2.07e-13  1.92e-13
     26     8     5   9.28e-12  8.05e-12  6.86e-12  6.28e-12  5.96e-12  5.78e-12  5.68e-12  5.64e-12  5.65e-12  5.70e-12  5.76e-12
     27     8     6   4.66e-12  4.18e-12  3.74e-12  3.55e-12  3.48e-12  3.48e-12  3.53e-12  3.60e-12  3.70e-12  3.81e-12  3.93e-12
     28     8     7   6.15e-12  4.90e-12  3.66e-12  3.05e-12  2.65e-12  2.34e-12  2.09e-12  1.88e-12  1.70e-12  1.54e-12  1.41e-12
     29     9     1   1.72e-12  1.40e-12  9.86e-13  7.61e-13  6.25e-13  5.30e-13  4.60e-13  4.05e-13  3.61e-13  3.25e-13  2.95e-13
     30     9     2   1.59e-11  1.57e-11  1.53e-11  1.49e-11  1.47e-11  1.45e-11  1.44e-11  1.43e-11  1.43e-11  1.43e-11  1.43e-11
     31     9     3   2.69e-11  2.68e-11  2.60e-11  2.54e-11  2.49e-11  2.46e-11  2.44e-11  2.43e-11  2.42e-11  2.42e-11  2.42e-11
     32     9     4   3.54e-13  3.00e-13  2.02e-13  1.48e-13  1.18e-13  9.74e-14  8.31e-14  7.23e-14  6.39e-14  5.71e-14  5.15e-14
     33     9     5   5.98e-12  5.29e-12  4.62e-12  4.31e-12  4.16e-12  4.09e-12  4.09e-12  4.12e-12  4.18e-12  4.26e-12  4.35e-12
     34     9     6   1.24e-11  1.03e-11  8.26e-12  7.25e-12  6.63e-12  6.20e-12  5.87e-12  5.64e-12  5.46e-12  5.33e-12  5.24e-12
     35     9     7   1.68e-12  1.52e-12  1.37e-12  1.32e-12  1.30e-12  1.31e-12  1.33e-12  1.37e-12  1.41e-12  1.46e-12  1.51e-12
     36     9     8   1.33e-12  1.31e-12  1.24e-12  1.21e-12  1.20e-12  1.21e-12  1.23e-12  1.25e-12  1.28e-12  1.31e-12  1.35e-12
     37    10     1   1.72e-12  1.40e-12  9.86e-13  7.61e-13  6.25e-13  5.30e-13  4.60e-13  4.05e-13  3.61e-13  3.25e-13  2.95e-13
     38    10     2   3.02e-12  2.96e-12  2.60e-12  2.38e-12  2.25e-12  2.15e-12  2.09e-12  2.03e-12  1.99e-12  1.96e-12  1.93e-12
     39    10     3   2.66e-11  2.64e-11  2.57e-11  2.50e-11  2.46e-11  2.43e-11  2.41e-11  2.40e-11  2.40e-11  2.40e-11  2.40e-11
     40    10     4   1.35e-11  1.35e-11  1.33e-11  1.30e-11  1.28e-11  1.27e-11  1.26e-11  1.26e-11  1.26e-11  1.26e-11  1.27e-11
     41    10     5   5.77e-12  4.59e-12  3.42e-12  2.85e-12  2.48e-12  2.21e-12  1.98e-12  1.80e-12  1.64e-12  1.51e-12  1.39e-12
     42    10     6   8.82e-12  7.72e-12  6.67e-12  6.17e-12  5.91e-12  5.78e-12  5.74e-12  5.75e-12  5.80e-12  5.89e-12  6.00e-12
     43    10     7   5.49e-12  4.82e-12  4.17e-12  3.86e-12  3.69e-12  3.61e-12  3.57e-12  3.57e-12  3.60e-12  3.65e-12  3.71e-12
     44    10     8   6.80e-12  6.65e-12  6.82e-12  6.76e-12  6.61e-12  6.42e-12  6.24e-12  6.07e-12  5.92e-12  5.78e-12  5.65e-12
     45    10     9   7.93e-12  7.76e-12  7.89e-12  7.80e-12  7.64e-12  7.46e-12  7.29e-12  7.13e-12  7.00e-12  6.89e-12  6.78e-12
     46    11     1   1.82e-11  1.90e-11  1.91e-11  1.88e-11  1.84e-11  1.82e-11  1.80e-11  1.78e-11  1.78e-11  1.77e-11  1.77e-11
     47    11     2   1.19e-12  1.14e-12  9.55e-13  8.68e-13  8.10e-13  7.54e-13  6.99e-13  6.47e-13  5.99e-13  5.55e-13  5.16e-13
     48    11     3   3.61e-12  3.48e-12  3.25e-12  3.14e-12  3.10e-12  3.11e-12  3.15e-12  3.21e-12  3.28e-12  3.36e-12  3.45e-12
     49    11     4   3.41e-13  3.44e-13  3.43e-13  3.72e-13  3.88e-13  3.87e-13  3.74e-13  3.57e-13  3.37e-13  3.17e-13  2.98e-13
     50    11     5   1.37e-11  1.43e-11  1.52e-11  1.56e-11  1.60e-11  1.63e-11  1.66e-11  1.68e-11  1.71e-11  1.74e-11  1.76e-11
     51    11     6   4.76e-12  4.96e-12  5.06e-12  5.07e-12  5.08e-12  5.11e-12  5.16e-12  5.21e-12  5.27e-12  5.34e-12  5.40e-12
     52    11     7   6.32e-12  6.45e-12  6.63e-12  6.80e-12  6.93e-12  7.04e-12  7.13e-12  7.22e-12  7.30e-12  7.38e-12  7.46e-12
     53    11     8   1.05e-10  1.08e-10  1.15e-10  1.18e-10  1.20e-10  1.22e-10  1.24e-10  1.26e-10  1.28e-10  1.30e-10  1.31e-10
     54    11     9   6.41e-13  6.75e-13  6.30e-13  6.11e-13  5.96e-13  5.77e-13  5.57e-13  5.38e-13  5.19e-13  5.02e-13  4.87e-13
     55    11    10   1.50e-11  1.55e-11  1.65e-11  1.70e-11  1.73e-11  1.76e-11  1.78e-11  1.80e-11  1.82e-11  1.84e-11  1.86e-11
     56    12     1   1.82e-11  1.90e-11  1.91e-11  1.88e-11  1.84e-11  1.82e-11  1.80e-11  1.78e-11  1.78e-11  1.77e-11  1.77e-11
     57    12     2   2.00e-12  1.92e-12  1.75e-12  1.66e-12  1.62e-12  1.60e-12  1.61e-12  1.63e-12  1.65e-12  1.69e-12  1.73e-12
     58    12     3   2.33e-12  2.26e-12  2.04e-12  1.99e-12  1.95e-12  1.91e-12  1.85e-12  1.80e-12  1.76e-12  1.72e-12  1.68e-12
     59    12     4   8.14e-13  7.87e-13  7.50e-13  7.36e-13  7.36e-13  7.45e-13  7.61e-13  7.81e-13  8.04e-13  8.29e-13  8.55e-13
     60    12     5   8.29e-12  8.67e-12  9.11e-12  9.34e-12  9.51e-12  9.67e-12  9.82e-12  9.98e-12  1.01e-11  1.03e-11  1.04e-11
     61    12     6   1.50e-11  1.55e-11  1.62e-11  1.66e-11  1.70e-11  1.73e-11  1.75e-11  1.78e-11  1.80e-11  1.83e-11  1.85e-11
     62    12     7   1.47e-12  1.53e-12  1.53e-12  1.51e-12  1.50e-12  1.50e-12  1.50e-12  1.51e-12  1.52e-12  1.54e-12  1.55e-12
     63    12     8   3.56e-13  3.75e-13  3.50e-13  3.40e-13  3.31e-13  3.21e-13  3.10e-13  2.99e-13  2.88e-13  2.79e-13  2.71e-13
     64    12     9   1.11e-10  1.15e-10  1.22e-10  1.25e-10  1.28e-10  1.30e-10  1.32e-10  1.34e-10  1.36e-10  1.38e-10  1.40e-10
     65    12    10   8.65e-12  8.97e-12  9.49e-12  9.78e-12  9.96e-12  1.01e-11  1.02e-11  1.03e-11  1.04e-11  1.05e-11  1.06e-11
     66    12    11   6.21e-13  8.14e-13  9.61e-13  1.03e-12  1.08e-12  1.13e-12  1.17e-12  1.21e-12  1.25e-12  1.29e-12  1.33e-12
     67    13     1   1.82e-11  1.90e-11  1.91e-11  1.88e-11  1.84e-11  1.82e-11  1.80e-11  1.78e-11  1.78e-11  1.77e-11  1.77e-11
     68    13     2   1.72e-12  1.68e-12  1.61e-12  1.63e-12  1.65e-12  1.65e-12  1.66e-12  1.66e-12  1.66e-12  1.67e-12  1.68e-12
     69    13     3   3.00e-12  2.89e-12  2.63e-12  2.50e-12  2.45e-12  2.42e-12  2.41e-12  2.41e-12  2.42e-12  2.45e-12  2.48e-12
     70    13     4   4.25e-13  3.99e-13  3.06e-13  2.48e-13  2.11e-13  1.84e-13  1.63e-13  1.45e-13  1.31e-13  1.19e-13  1.09e-13
     71    13     5   4.34e-12  4.36e-12  4.31e-12  4.32e-12  4.35e-12  4.37e-12  4.39e-12  4.41e-12  4.44e-12  4.46e-12  4.49e-12
     72    13     6   1.20e-11  1.25e-11  1.31e-11  1.35e-11  1.37e-11  1.39e-11  1.42e-11  1.44e-11  1.46e-11  1.48e-11  1.50e-11
     73    13     7   8.48e-12  8.87e-12  9.40e-12  9.69e-12  9.91e-12  1.01e-11  1.03e-11  1.05e-11  1.06e-11  1.08e-11  1.10e-11
     74    13     8   1.07e-11  1.11e-11  1.18e-11  1.22e-11  1.24e-11  1.26e-11  1.27e-11  1.29e-11  1.30e-11  1.32e-11  1.33e-11
     75    13     9   1.11e-11  1.15e-11  1.22e-11  1.26e-11  1.28e-11  1.30e-11  1.31e-11  1.33e-11  1.34e-11  1.35e-11  1.37e-11
     76    13    10   9.85e-11  1.02e-10  1.08e-10  1.11e-10  1.13e-10  1.15e-10  1.16e-10  1.18e-10  1.20e-10  1.22e-10  1.24e-10
     77    13    11   4.20e-12  5.23e-12  6.06e-12  6.27e-12  6.26e-12  6.16e-12  6.04e-12  5.91e-12  5.78e-12  5.66e-12  5.55e-12
     78    13    12   4.74e-12  5.93e-12  6.90e-12  7.16e-12  7.19e-12  7.12e-12  7.03e-12  6.93e-12  6.84e-12  6.75e-12  6.67e-12
     79    14     1   4.19e-12  4.26e-12  4.26e-12  4.15e-12  4.04e-12  3.94e-12  3.87e-12  3.80e-12  3.75e-12  3.70e-12  3.66e-12
     80    14     2   7.87e-12  8.30e-12  8.64e-12  8.65e-12  8.56e-12  8.45e-12  8.33e-12  8.22e-12  8.12e-12  8.03e-12  7.94e-12
     81    14     3   4.24e-12  4.62e-12  4.92e-12  4.91e-12  4.83e-12  4.74e-12  4.65e-12  4.56e-12  4.49e-12  4.42e-12  4.36e-12
     82    14     4   5.96e-14  1.31e-13  1.76e-13  1.71e-13  1.55e-13  1.39e-13  1.24e-13  1.11e-13  1.00e-13  9.11e-14  8.31e-14
     83    14     5   7.33e-11  7.63e-11  7.96e-11  8.03e-11  8.06e-11  8.10e-11  8.14e-11  8.20e-11  8.27e-11  8.34e-11  8.42e-11
     84    14     6   1.24e-11  1.33e-11  1.37e-11  1.36e-11  1.34e-11  1.33e-11  1.33e-11  1.33e-11  1.33e-11  1.33e-11  1.33e-11
     85    14     7   2.26e-12  2.63e-12  2.64e-12  2.50e-12  2.37e-12  2.27e-12  2.19e-12  2.12e-12  2.07e-12  2.02e-12  1.98e-12
     86    14     8   5.62e-12  6.12e-12  6.60e-12  6.63e-12  6.58e-12  6.53e-12  6.51e-12  6.52e-12  6.54e-12  6.58e-12  6.63e-12
     87    14     9   6.45e-12  7.06e-12  7.65e-12  7.69e-12  7.63e-12  7.58e-12  7.55e-12  7.56e-12  7.59e-12  7.64e-12  7.69e-12
     88    14    10   4.35e-12  4.95e-12  5.49e-12  5.47e-12  5.32e-12  5.18e-12  5.06e-12  4.97e-12  4.91e-12  4.87e-12  4.84e-12
     89    14    11   2.91e-12  3.55e-12  4.28e-12  4.47e-12  4.53e-12  4.57e-12  4.62e-12  4.71e-12  4.81e-12  4.93e-12  5.07e-12
     90    14    12   3.63e-12  4.40e-12  5.27e-12  5.50e-12  5.56e-12  5.61e-12  5.68e-12  5.79e-12  5.92e-12  6.08e-12  6.25e-12
     91    14    13   7.20e-13  1.57e-12  2.46e-12  2.57e-12  2.45e-12  2.28e-12  2.10e-12  1.94e-12  1.81e-12  1.69e-12  1.59e-12
     92    15     1   4.19e-12  4.26e-12  4.26e-12  4.15e-12  4.04e-12  3.94e-12  3.87e-12  3.80e-12  3.75e-12  3.70e-12  3.66e-12
     93    15     2   2.82e-13  4.11e-13  5.05e-13  5.02e-13  4.77e-13  4.49e-13  4.25e-13  4.04e-13  3.87e-13  3.74e-13  3.63e-13
     94    15     3   1.18e-11  1.25e-11  1.31e-11  1.31e-11  1.29e-11  1.27e-11  1.25e-11  1.23e-11  1.22e-11  1.20e-11  1.19e-11
     95    15     4   1.15e-13  1.40e-13  1.64e-13  1.65e-13  1.61e-13  1.56e-13  1.52e-13  1.49e-13  1.46e-13  1.45e-13  1.44e-13
     96    15     5   2.35e-12  2.75e-12  2.77e-12  2.61e-12  2.47e-12  2.36e-12  2.27e-12  2.20e-12  2.14e-12  2.09e-12  2.05e-12
     97    15     6   8.50e-11  8.88e-11  9.25e-11  9.32e-11  9.34e-11  9.36e-11  9.41e-11  9.47e-11  9.54e-11  9.62e-11  9.70e-11
     98    15     7   5.62e-13  6.71e-13  6.81e-13  6.37e-13  5.95e-13  5.61e-13  5.35e-13  5.14e-13  4.97e-13  4.83e-13  4.71e-13
     99    15     8   9.70e-13  1.10e-12  1.23e-12  1.24e-12  1.23e-12  1.22e-12  1.22e-12  1.22e-12  1.22e-12  1.23e-12  1.24e-12
    100    15     9   1.04e-11  1.15e-11  1.26e-11  1.26e-11  1.24e-11  1.22e-11  1.20e-11  1.20e-11  1.19e-11  1.19e-11  1.19e-11
    101    15    10   5.02e-12  5.49e-12  5.95e-12  5.98e-12  5.93e-12  5.89e-12  5.87e-12  5.88e-12  5.90e-12  5.94e-12  5.98e-12
    102    15    11   8.68e-13  1.03e-12  1.19e-12  1.22e-12  1.24e-12  1.25e-12  1.27e-12  1.30e-12  1.34e-12  1.38e-12  1.42e-12
    103    15    12   3.56e-12  5.07e-12  6.72e-12  7.05e-12  6.98e-12  6.84e-12  6.72e-12  6.64e-12  6.60e-12  6.60e-12  6.63e-12
    104    15    13   2.82e-12  3.42e-12  4.10e-12  4.27e-12  4.33e-12  4.36e-12  4.42e-12  4.50e-12  4.61e-12  4.73e-12  4.86e-12
    105    15    14   4.21e-12  5.19e-12  5.94e-12  6.13e-12  6.10e-12  5.95e-12  5.76e-12  5.55e-12  5.34e-12  5.14e-12  4.95e-12
    106    16     1   4.19e-12  4.26e-12  4.26e-12  4.15e-12  4.04e-12  3.94e-12  3.87e-12  3.80e-12  3.75e-12  3.70e-12  3.66e-12
    107    16     2   5.51e-12  5.92e-12  6.22e-12  6.22e-12  6.13e-12  6.02e-12  5.92e-12  5.82e-12  5.73e-12  5.65e-12  5.57e-12
    108    16     3   1.27e-12  1.48e-12  1.65e-12  1.65e-12  1.61e-12  1.56e-12  1.52e-12  1.48e-12  1.45e-12  1.43e-12  1.41e-12
    109    16     4   5.39e-12  5.66e-12  5.87e-12  5.87e-12  5.82e-12  5.74e-12  5.67e-12  5.60e-12  5.53e-12  5.47e-12  5.41e-12
    110    16     5   1.63e-11  1.73e-11  1.79e-11  1.78e-11  1.77e-11  1.76e-11  1.76e-11  1.76e-11  1.76e-11  1.77e-11  1.77e-11
    111    16     6   1.99e-12  2.31e-12  2.35e-12  2.23e-12  2.12e-12  2.03e-12  1.96e-12  1.91e-12  1.86e-12  1.83e-12  1.80e-12
    112    16     7   6.97e-11  7.26e-11  7.56e-11  7.64e-11  7.66e-11  7.69e-11  7.73e-11  7.79e-11  7.86e-11  7.92e-11  7.99e-11
    113    16     8   6.81e-12  7.58e-12  8.29e-12  8.28e-12  8.11e-12  7.94e-12  7.82e-12  7.73e-12  7.68e-12  7.65e-12  7.64e-12
    114    16     9   1.75e-12  1.98e-12  2.21e-12  2.23e-12  2.21e-12  2.20e-12  2.19e-12  2.19e-12  2.20e-12  2.22e-12  2.24e-12
    115    16    10   7.87e-12  8.56e-12  9.24e-12  9.29e-12  9.21e-12  9.15e-12  9.12e-12  9.13e-12  9.16e-12  9.22e-12  9.28e-12
    116    16    11   1.62e-12  2.70e-12  3.87e-12  4.08e-12  3.98e-12  3.81e-12  3.65e-12  3.51e-12  3.40e-12  3.32e-12  3.26e-12
    117    16    12   1.56e-12  1.85e-12  2.14e-12  2.20e-12  2.23e-12  2.25e-12  2.29e-12  2.34e-12  2.41e-12  2.48e-12  2.56e-12
    118    16    13   4.07e-12  4.97e-12  5.99e-12  6.26e-12  6.34e-12  6.39e-12  6.47e-12  6.59e-12  6.74e-12  6.91e-12  7.09e-12
    119    16    14   7.06e-12  8.56e-12  9.74e-12  1.01e-11  1.00e-11  9.82e-12  9.52e-12  9.18e-12  8.85e-12  8.53e-12  8.23e-12
    120    16    15   7.09e-13  1.11e-12  1.35e-12  1.36e-12  1.32e-12  1.26e-12  1.19e-12  1.12e-12  1.05e-12  9.97e-13  9.45e-13
    121    17     1   4.63e-12  4.73e-12  4.82e-12  4.86e-12  4.92e-12  5.00e-12  5.11e-12  5.23e-12  5.36e-12  5.49e-12  5.62e-12
    122    17     2   4.22e-12  4.38e-12  4.54e-12  4.60e-12  4.62e-12  4.64e-12  4.65e-12  4.67e-12  4.68e-12  4.69e-12  4.70e-12
    123    17     3   1.90e-12  1.90e-12  1.91e-12  1.91e-12  1.92e-12  1.93e-12  1.94e-12  1.96e-12  1.98e-12  1.99e-12  2.01e-12
    124    17     4   3.54e-12  3.74e-12  3.94e-12  4.01e-12  4.05e-12  4.07e-12  4.09e-12  4.10e-12  4.12e-12  4.13e-12  4.14e-12
    125    17     5   1.35e-12  1.05e-12  8.06e-13  7.02e-13  6.60e-13  6.42e-13  6.35e-13  6.34e-13  6.35e-13  6.39e-13  6.43e-13
    126    17     6   6.12e-13  5.11e-13  4.37e-13  4.11e-13  4.05e-13  4.09e-13  4.16e-13  4.26e-13  4.37e-13  4.47e-13  4.58e-13
    127    17     7   1.50e-12  1.18e-12  9.04e-13  7.81e-13  7.23e-13  6.87e-13  6.60e-13  6.36e-13  6.16e-13  5.97e-13  5.79e-13
    128    17     8   1.33e-11  1.39e-11  1.44e-11  1.45e-11  1.45e-11  1.44e-11  1.43e-11  1.42e-11  1.41e-11  1.39e-11  1.38e-11
    129    17     9   7.48e-13  7.14e-13  7.06e-13  7.16e-13  7.36e-13  7.59e-13  7.83e-13  8.07e-13  8.29e-13  8.50e-13  8.69e-13
    130    17    10   4.51e-12  4.61e-12  4.74e-12  4.78e-12  4.81e-12  4.83e-12  4.83e-12  4.83e-12  4.82e-12  4.80e-12  4.78e-12
    131    17    11   3.85e-11  4.02e-11  4.17e-11  4.21e-11  4.23e-11  4.25e-11  4.28e-11  4.31e-11  4.34e-11  4.38e-11  4.41e-11
    132    17    12   8.78e-13  8.33e-13  8.04e-13  7.97e-13  8.03e-13  8.16e-13  8.33e-13  8.52e-13  8.73e-13  8.94e-13  9.15e-13
    133    17    13   6.84e-12  6.97e-12  7.05e-12  7.02e-12  6.99e-12  6.97e-12  6.96e-12  6.96e-12  6.96e-12  6.97e-12  6.97e-12
    134    17    14   1.09e-11  1.11e-11  1.14e-11  1.16e-11  1.18e-11  1.19e-11  1.21e-11  1.23e-11  1.25e-11  1.26e-11  1.28e-11
    135    17    15   1.69e-12  1.68e-12  1.68e-12  1.67e-12  1.67e-12  1.68e-12  1.69e-12  1.71e-12  1.73e-12  1.75e-12  1.76e-12
    136    17    16   1.54e-11  1.55e-11  1.59e-11  1.61e-11  1.64e-11  1.67e-11  1.70e-11  1.72e-11  1.75e-11  1.77e-11  1.79e-11
    137    18     1   4.63e-12  4.73e-12  4.82e-12  4.86e-12  4.92e-12  5.00e-12  5.11e-12  5.23e-12  5.36e-12  5.49e-12  5.62e-12
    138    18     2   6.56e-13  6.09e-13  5.72e-13  5.56e-13  5.51e-13  5.52e-13  5.55e-13  5.60e-13  5.65e-13  5.72e-13  5.78e-13
    139    18     3   8.73e-12  9.13e-12  9.54e-12  9.68e-12  9.75e-12  9.80e-12  9.84e-12  9.88e-12  9.92e-12  9.95e-12  9.97e-12
    140    18     4   2.79e-13  2.77e-13  2.78e-13  2.79e-13  2.81e-13  2.84e-13  2.88e-13  2.92e-13  2.97e-13  3.01e-13  3.06e-13
    141    18     5   7.49e-13  5.95e-13  4.73e-13  4.25e-13  4.08e-13  4.05e-13  4.09e-13  4.16e-13  4.24e-13  4.33e-13  4.42e-13
    142    18     6   2.51e-12  1.98e-12  1.52e-12  1.32e-12  1.23e-12  1.18e-12  1.15e-12  1.12e-12  1.10e-12  1.08e-12  1.07e-12
    143    18     7   1.95e-13  1.69e-13  1.52e-13  1.47e-13  1.47e-13  1.50e-13  1.54e-13  1.58e-13  1.63e-13  1.68e-13  1.72e-13
    144    18     8   2.96e-13  2.74e-13  2.66e-13  2.70e-13  2.80e-13  2.93e-13  3.07e-13  3.20e-13  3.33e-13  3.46e-13  3.58e-13
    145    18     9   1.59e-11  1.66e-11  1.72e-11  1.73e-11  1.73e-11  1.72e-11  1.71e-11  1.70e-11  1.69e-11  1.67e-11  1.66e-11
    146    18    10   2.31e-12  2.32e-12  2.37e-12  2.40e-12  2.43e-12  2.45e-12  2.46e-12  2.47e-12  2.48e-12  2.49e-12  2.49e-12
    147    18    11   3.47e-13  3.20e-13  3.03e-13  3.01e-13  3.06e-13  3.15e-13  3.26e-13  3.39e-13  3.52e-13  3.65e-13  3.78e-13
    148    18    12   4.34e-11  4.53e-11  4.69e-11  4.73e-11  4.75e-11  4.77e-11  4.80e-11  4.83e-11  4.87e-11  4.91e-11  4.94e-11
    149    18    13   2.42e-12  2.39e-12  2.35e-12  2.31e-12  2.28e-12  2.26e-12  2.24e-12  2.23e-12  2.22e-12  2.21e-12  2.20e-12
    150    18    14   6.44e-12  6.56e-12  6.75e-12  6.83e-12  6.92e-12  7.01e-12  7.11e-12  7.21e-12  7.31e-12  7.41e-12  7.49e-12
    151    18    15   2.10e-11  2.11e-11  2.17e-11  2.20e-11  2.24e-11  2.27e-11  2.31e-11  2.34e-11  2.38e-11  2.41e-11  2.44e-11
    152    18    16   6.01e-13  5.90e-13  5.80e-13  5.69e-13  5.63e-13  5.62e-13  5.63e-13  5.66e-13  5.70e-13  5.75e-13  5.79e-13
    153    18    17   1.05e-13  1.31e-13  1.58e-13  1.80e-13  2.02e-13  2.23e-13  2.43e-13  2.61e-13  2.78e-13  2.93e-13  3.08e-13
    154    19     1   4.63e-12  4.73e-12  4.82e-12  4.86e-12  4.92e-12  5.00e-12  5.11e-12  5.23e-12  5.36e-12  5.49e-12  5.62e-12
    155    19     2   5.58e-12  5.87e-12  6.16e-12  6.26e-12  6.32e-12  6.35e-12  6.38e-12  6.41e-12  6.44e-12  6.47e-12  6.49e-12
    156    19     3   3.96e-12  4.06e-12  4.17e-12  4.21e-12  4.23e-12  4.25e-12  4.27e-12  4.29e-12  4.31e-12  4.33e-12  4.34e-12
    157    19     4   1.28e-13  9.25e-14  5.98e-14  4.48e-14  3.74e-14  3.31e-14  3.01e-14  2.78e-14  2.59e-14  2.42e-14  2.28e-14
    158    19     5   1.49e-12  1.20e-12  9.41e-13  8.29e-13  7.75e-13  7.43e-13  7.17e-13  6.95e-13  6.75e-13  6.57e-13  6.39e-13
    159    19     6   1.29e-12  1.02e-12  8.06e-13  7.16e-13  6.82e-13  6.70e-13  6.68e-13  6.72e-13  6.78e-13  6.86e-13  6.94e-13
    160    19     7   6.72e-13  5.22e-13  4.00e-13  3.50e-13  3.30e-13  3.25e-13  3.25e-13  3.29e-13  3.34e-13  3.41e-13  3.47e-13
    161    19     8   2.55e-12  2.58e-12  2.65e-12  2.68e-12  2.70e-12  2.72e-12  2.73e-12  2.73e-12  2.73e-12  2.73e-12  2.72e-12
    162    19     9   3.78e-12  3.84e-12  3.94e-12  3.98e-12  4.01e-12  4.03e-12  4.04e-12  4.05e-12  4.05e-12  4.04e-12  4.04e-12
    163    19    10   1.22e-11  1.28e-11  1.33e-11  1.33e-11  1.33e-11  1.32e-11  1.31e-11  1.30e-11  1.29e-11  1.28e-11  1.27e-11
    164    19    11   2.64e-12  2.63e-12  2.59e-12  2.54e-12  2.51e-12  2.48e-12  2.45e-12  2.43e-12  2.41e-12  2.39e-12  2.37e-12
    165    19    12   5.63e-12  5.71e-12  5.76e-12  5.74e-12  5.71e-12  5.70e-12  5.70e-12  5.71e-12  5.72e-12  5.73e-12  5.74e-12
    166    19    13   3.79e-11  3.96e-11  4.12e-11  4.16e-11  4.18e-11  4.21e-11  4.24e-11  4.28e-11  4.31e-11  4.35e-11  4.39e-11
    167    19    14   1.17e-11  1.16e-11  1.19e-11  1.20e-11  1.22e-11  1.24e-11  1.27e-11  1.29e-11  1.30e-11  1.32e-11  1.34e-11
    168    19    15   9.07e-12  9.23e-12  9.48e-12  9.61e-12  9.73e-12  9.87e-12  1.00e-11  1.02e-11  1.03e-11  1.04e-11  1.06e-11
    169    19    16   7.26e-12  7.42e-12  7.64e-12  7.76e-12  7.86e-12  7.97e-12  8.09e-12  8.21e-12  8.32e-12  8.43e-12  8.53e-12
    170    19    17   7.23e-13  6.70e-13  6.93e-13  7.53e-13  8.24e-13  8.85e-13  9.32e-13  9.67e-13  9.94e-13  1.01e-12  1.03e-12
    171    19    18   7.87e-13  7.47e-13  7.86e-13  8.59e-13  9.43e-13  1.02e-12  1.07e-12  1.12e-12  1.16e-12  1.19e-12  1.21e-12
    172    20     1   1.10e-13  1.04e-13  7.70e-14  6.07e-14  5.26e-14  4.80e-14  4.48e-14  4.21e-14  3.98e-14  3.76e-14  3.56e-14
    173    20     2   4.16e-12  4.11e-12  4.04e-12  4.01e-12  4.03e-12  4.09e-12  4.18e-12  4.28e-12  4.39e-12  4.50e-12  4.61e-12
    174    20     3   2.50e-12  2.45e-12  2.41e-12  2.39e-12  2.41e-12  2.45e-12  2.50e-12  2.56e-12  2.63e-12  2.70e-12  2.77e-12
    175    20     4   1.74e-13  1.68e-13  1.30e-13  1.04e-13  8.85e-14  7.79e-14  6.98e-14  6.32e-14  5.77e-14  5.30e-14  4.88e-14
    176    20     5   1.34e-11  1.35e-11  1.36e-11  1.37e-11  1.37e-11  1.38e-11  1.38e-11  1.39e-11  1.39e-11  1.40e-11  1.40e-11
    177    20     6   3.06e-12  3.02e-12  3.01e-12  3.01e-12  3.02e-12  3.03e-12  3.05e-12  3.07e-12  3.09e-12  3.11e-12  3.13e-12
    178    20     7   1.35e-11  1.36e-11  1.38e-11  1.38e-11  1.38e-11  1.39e-11  1.39e-11  1.40e-11  1.40e-11  1.41e-11  1.41e-11
    179    20     8   3.65e-11  3.86e-11  4.06e-11  4.12e-11  4.15e-11  4.18e-11  4.21e-11  4.25e-11  4.29e-11  4.33e-11  4.36e-11
    180    20     9   1.10e-12  9.91e-13  9.04e-13  8.69e-13  8.58e-13  8.59e-13  8.67e-13  8.79e-13  8.93e-13  9.09e-13  9.26e-13
    181    20    10   6.93e-12  6.99e-12  7.08e-12  7.05e-12  7.02e-12  7.00e-12  6.98e-12  6.98e-12  6.98e-12  6.98e-12  6.98e-12
    182    20    11   1.19e-11  1.29e-11  1.37e-11  1.40e-11  1.41e-11  1.41e-11  1.40e-11  1.40e-11  1.39e-11  1.38e-11  1.36e-11
    183    20    12   1.03e-12  9.42e-13  8.64e-13  8.36e-13  8.31e-13  8.37e-13  8.47e-13  8.59e-13  8.73e-13  8.86e-13  8.98e-13
    184    20    13   4.36e-12  4.53e-12  4.70e-12  4.76e-12  4.79e-12  4.81e-12  4.82e-12  4.81e-12  4.80e-12  4.78e-12  4.75e-12
    185    20    14   6.20e-12  5.25e-12  4.11e-12  3.45e-12  3.04e-12  2.77e-12  2.58e-12  2.44e-12  2.34e-12  2.26e-12  2.20e-12
    186    20    15   1.43e-12  1.21e-12  9.78e-13  8.51e-13  7.76e-13  7.30e-13  7.02e-13  6.85e-13  6.76e-13  6.71e-13  6.69e-13
    187    20    16   1.01e-11  8.35e-12  6.24e-12  5.03e-12  4.29e-12  3.78e-12  3.41e-12  3.12e-12  2.88e-12  2.69e-12  2.54e-12
    188    20    17   7.59e-11  7.85e-11  8.38e-11  8.61e-11  8.72e-11  8.79e-11  8.85e-11  8.92e-11  8.98e-11  9.05e-11  9.11e-11
    189    20    18   1.84e-13  1.48e-13  1.24e-13  1.21e-13  1.26e-13  1.32e-13  1.37e-13  1.39e-13  1.41e-13  1.41e-13  1.40e-13
    190    20    19   5.69e-12  5.70e-12  5.99e-12  6.17e-12  6.30e-12  6.39e-12  6.47e-12  6.53e-12  6.59e-12  6.64e-12  6.68e-12
    191    21     1   1.10e-13  1.04e-13  7.70e-14  6.07e-14  5.26e-14  4.80e-14  4.48e-14  4.21e-14  3.98e-14  3.76e-14  3.56e-14
    192    21     2   2.58e-12  2.54e-12  2.51e-12  2.51e-12  2.53e-12  2.58e-12  2.63e-12  2.70e-12  2.78e-12  2.85e-12  2.93e-12
    193    21     3   4.23e-12  4.17e-12  4.05e-12  3.99e-12  3.99e-12  4.03e-12  4.10e-12  4.19e-12  4.29e-12  4.39e-12  4.49e-12
    194    21     4   2.31e-14  1.79e-14  1.22e-14  9.64e-15  8.41e-15  7.69e-15  7.17e-15  6.74e-15  6.35e-15  5.99e-15  5.65e-15
    195    21     5   6.52e-12  6.53e-12  6.59e-12  6.61e-12  6.62e-12  6.64e-12  6.67e-12  6.70e-12  6.74e-12  6.77e-12  6.80e-12
    196    21     6   2.31e-11  2.32e-11  2.34e-11  2.35e-11  2.36e-11  2.36e-11  2.37e-11  2.38e-11  2.39e-11  2.40e-11  2.40e-11
    197    21     7   4.28e-13  4.05e-13  3.90e-13  3.85e-13  3.86e-13  3.89e-13  3.93e-13  3.99e-13  4.04e-13  4.10e-13  4.16e-13
    198    21     8   4.70e-13  4.07e-13  3.58e-13  3.40e-13  3.36e-13  3.38e-13  3.44e-13  3.52e-13  3.62e-13  3.72e-13  3.83e-13
    199    21     9   4.14e-11  4.36e-11  4.58e-11  4.64e-11  4.67e-11  4.70e-11  4.74e-11  4.77e-11  4.82e-11  4.86e-11  4.89e-11
    200    21    10   2.66e-12  2.54e-12  2.46e-12  2.40e-12  2.36e-12  2.33e-12  2.30e-12  2.28e-12  2.27e-12  2.25e-12  2.24e-12
    201    21    11   4.62e-13  4.07e-13  3.58e-13  3.40e-13  3.36e-13  3.38e-13  3.44e-13  3.51e-13  3.59e-13  3.67e-13  3.75e-13
    202    21    12   1.45e-11  1.55e-11  1.65e-11  1.68e-11  1.69e-11  1.69e-11  1.69e-11  1.68e-11  1.67e-11  1.66e-11  1.64e-11
    203    21    13   2.38e-12  2.41e-12  2.44e-12  2.45e-12  2.47e-12  2.48e-12  2.49e-12  2.49e-12  2.49e-12  2.49e-12  2.49e-12
    204    21    14   3.75e-12  3.19e-12  2.52e-12  2.14e-12  1.90e-12  1.74e-12  1.64e-12  1.56e-12  1.51e-12  1.47e-12  1.44e-12
    205    21    15   1.33e-11  1.11e-11  8.38e-12  6.82e-12  5.86e-12  5.21e-12  4.73e-12  4.37e-12  4.08e-12  3.85e-12  3.65e-12
    206    21    16   6.19e-13  5.25e-13  4.28e-13  3.76e-13  3.46e-13  3.29e-13  3.19e-13  3.13e-13  3.11e-13  3.11e-13  3.12e-13
    207    21    17   1.17e-13  9.39e-14  7.87e-14  7.69e-14  8.01e-14  8.40e-14  8.69e-14  8.87e-14  8.95e-14  8.96e-14  8.93e-14
    208    21    18   7.80e-11  8.06e-11  8.60e-11  8.84e-11  8.95e-11  9.02e-11  9.09e-11  9.15e-11  9.22e-11  9.29e-11  9.35e-11
    209    21    19   3.69e-12  3.69e-12  3.87e-12  3.99e-12  4.07e-12  4.13e-12  4.18e-12  4.22e-12  4.26e-12  4.29e-12  4.32e-12
    210    21    20   4.10e-13  3.17e-13  2.56e-13  2.44e-13  2.50e-13  2.61e-13  2.75e-13  2.89e-13  3.03e-13  3.17e-13  3.30e-13
    211    22     1   1.10e-13  1.04e-13  7.70e-14  6.07e-14  5.26e-14  4.80e-14  4.48e-14  4.21e-14  3.98e-14  3.76e-14  3.56e-14
    212    22     2   4.46e-13  4.29e-13  3.63e-13  3.22e-13  2.99e-13  2.85e-13  2.76e-13  2.70e-13  2.66e-13  2.64e-13  2.62e-13
    213    22     3   4.27e-12  4.21e-12  4.13e-12  4.11e-12  4.13e-12  4.20e-12  4.28e-12  4.39e-12  4.50e-12  4.62e-12  4.73e-12
    214    22     4   2.11e-12  2.09e-12  2.07e-12  2.08e-12  2.10e-12  2.14e-12  2.19e-12  2.24e-12  2.31e-12  2.37e-12  2.43e-12
    215    22     5   1.16e-11  1.16e-11  1.18e-11  1.18e-11  1.18e-11  1.18e-11  1.19e-11  1.19e-11  1.20e-11  1.20e-11  1.20e-11
    216    22     6   1.15e-11  1.15e-11  1.16e-11  1.16e-11  1.16e-11  1.17e-11  1.17e-11  1.18e-11  1.18e-11  1.19e-11  1.19e-11
    217    22     7   6.96e-12  6.99e-12  7.07e-12  7.09e-12  7.11e-12  7.13e-12  7.16e-12  7.19e-12  7.23e-12  7.26e-12  7.29e-12
    218    22     8   2.85e-12  2.76e-12  2.69e-12  2.63e-12  2.58e-12  2.54e-12  2.51e-12  2.48e-12  2.46e-12  2.43e-12  2.41e-12
    219    22     9   5.79e-12  5.79e-12  5.82e-12  5.79e-12  5.76e-12  5.74e-12  5.73e-12  5.74e-12  5.74e-12  5.75e-12  5.75e-12
    220    22    10   3.59e-11  3.80e-11  4.01e-11  4.07e-11  4.11e-11  4.14e-11  4.18e-11  4.22e-11  4.26e-11  4.30e-11  4.34e-11
    221    22    11   2.53e-12  2.59e-12  2.67e-12  2.69e-12  2.72e-12  2.73e-12  2.73e-12  2.73e-12  2.73e-12  2.72e-12  2.71e-12
    222    22    12   3.77e-12  3.87e-12  3.97e-12  4.01e-12  4.03e-12  4.05e-12  4.05e-12  4.05e-12  4.05e-12  4.04e-12  4.02e-12
    223    22    13   1.10e-11  1.19e-11  1.26e-11  1.29e-11  1.29e-11  1.30e-11  1.29e-11  1.29e-11  1.28e-11  1.27e-11  1.26e-11
    224    22    14   8.27e-12  6.83e-12  5.05e-12  4.04e-12  3.42e-12  2.99e-12  2.68e-12  2.43e-12  2.23e-12  2.07e-12  1.93e-12
    225    22    15   5.36e-12  4.53e-12  3.56e-12  3.00e-12  2.66e-12  2.43e-12  2.27e-12  2.16e-12  2.08e-12  2.01e-12  1.97e-12
    226    22    16   4.06e-12  3.44e-12  2.71e-12  2.29e-12  2.03e-12  1.86e-12  1.74e-12  1.65e-12  1.59e-12  1.54e-12  1.51e-12
    227    22    17   4.42e-12  4.44e-12  4.66e-12  4.80e-12  4.90e-12  4.97e-12  5.03e-12  5.08e-12  5.13e-12  5.17e-12  5.20e-12
    228    22    18   4.51e-12  4.51e-12  4.73e-12  4.87e-12  4.97e-12  5.05e-12  5.11e-12  5.16e-12  5.21e-12  5.25e-12  5.28e-12
    229    22    19   7.29e-11  7.54e-11  8.06e-11  8.27e-11  8.38e-11  8.44e-11  8.50e-11  8.56e-11  8.62e-11  8.68e-11  8.74e-11
    230    22    20   1.78e-12  1.27e-12  9.86e-13  9.37e-13  9.57e-13  9.91e-13  1.02e-12  1.05e-12  1.07e-12  1.09e-12  1.11e-12
    231    22    21   2.03e-12  1.46e-12  1.14e-12  1.08e-12  1.10e-12  1.14e-12  1.18e-12  1.22e-12  1.25e-12  1.28e-12  1.30e-12
    232    23     1   2.02e-13  2.10e-13  2.24e-13  2.34e-13  2.42e-13  2.49e-13  2.57e-13  2.64e-13  2.72e-13  2.80e-13  2.87e-13
    233    23     2   2.27e-12  2.36e-12  2.47e-12  2.51e-12  2.53e-12  2.54e-12  2.54e-12  2.55e-12  2.55e-12  2.55e-12  2.55e-12
    234    23     3   1.45e-12  1.51e-12  1.59e-12  1.62e-12  1.63e-12  1.64e-12  1.64e-12  1.64e-12  1.64e-12  1.64e-12  1.63e-12
    235    23     4   9.07e-15  1.12e-14  1.66e-14  2.02e-14  2.11e-14  2.07e-14  1.97e-14  1.84e-14  1.72e-14  1.60e-14  1.49e-14
    236    23     5   5.14e-12  5.48e-12  5.94e-12  6.18e-12  6.32e-12  6.41e-12  6.47e-12  6.53e-12  6.57e-12  6.59e-12  6.61e-12
    237    23     6   1.24e-12  1.33e-12  1.47e-12  1.54e-12  1.58e-12  1.60e-12  1.61e-12  1.62e-12  1.62e-12  1.62e-12  1.62e-12
    238    23     7   1.52e-13  1.69e-13  1.99e-13  2.17e-13  2.24e-13  2.26e-13  2.24e-13  2.22e-13  2.19e-13  2.17e-13  2.14e-13
    239    23     8   2.20e-12  2.22e-12  2.30e-12  2.37e-12  2.44e-12  2.52e-12  2.60e-12  2.69e-12  2.78e-12  2.86e-12  2.95e-12
    240    23     9   2.72e-12  2.74e-12  2.84e-12  2.93e-12  3.02e-12  3.12e-12  3.22e-12  3.32e-12  3.43e-12  3.54e-12  3.63e-12
    241    23    10   9.12e-13  9.35e-13  1.01e-12  1.07e-12  1.11e-12  1.14e-12  1.16e-12  1.19e-12  1.22e-12  1.24e-12  1.27e-12
    242    23    11   1.99e-12  2.02e-12  2.09e-12  2.14e-12  2.17e-12  2.19e-12  2.22e-12  2.25e-12  2.27e-12  2.30e-12  2.32e-12
    243    23    12   2.51e-12  2.55e-12  2.64e-12  2.70e-12  2.74e-12  2.77e-12  2.81e-12  2.84e-12  2.88e-12  2.91e-12  2.94e-12
    244    23    13   1.93e-12  2.02e-12  2.14e-12  2.18e-12  2.19e-12  2.19e-12  2.18e-12  2.18e-12  2.17e-12  2.17e-12  2.16e-12
    245    23    14   7.72e-11  8.11e-11  8.49e-11  8.61e-11  8.67e-11  8.74e-11  8.81e-11  8.89e-11  8.98e-11  9.05e-11  9.12e-11
    246    23    15   7.11e-12  7.56e-12  7.76e-12  7.74e-12  7.70e-12  7.68e-12  7.67e-12  7.68e-12  7.70e-12  7.72e-12  7.73e-12
    247    23    16   1.71e-12  1.87e-12  1.82e-12  1.74e-12  1.66e-12  1.61e-12  1.56e-12  1.52e-12  1.49e-12  1.46e-12  1.44e-12
    248    23    17   1.65e-12  1.68e-12  1.96e-12  2.24e-12  2.43e-12  2.58e-12  2.69e-12  2.78e-12  2.87e-12  2.96e-12  3.03e-12
    249    23    18   1.79e-12  1.82e-12  2.12e-12  2.42e-12  2.63e-12  2.78e-12  2.90e-12  3.01e-12  3.11e-12  3.20e-12  3.28e-12
    250    23    19   1.33e-12  1.41e-12  2.02e-12  2.58e-12  2.90e-12  3.06e-12  3.13e-12  3.15e-12  3.15e-12  3.14e-12  3.13e-12
    251    23    20   4.03e-12  4.16e-12  4.52e-12  4.75e-12  4.89e-12  4.98e-12  5.06e-12  5.12e-12  5.18e-12  5.23e-12  5.27e-12
    252    23    21   4.21e-12  4.34e-12  4.73e-12  4.98e-12  5.12e-12  5.22e-12  5.30e-12  5.36e-12  5.42e-12  5.48e-12  5.52e-12
    253    23    22   8.47e-12  8.71e-12  9.43e-12  9.88e-12  1.01e-11  1.03e-11  1.04e-11  1.05e-11  1.06e-11  1.06e-11  1.07e-11
    254    24     1   2.02e-13  2.10e-13  2.24e-13  2.34e-13  2.42e-13  2.49e-13  2.57e-13  2.64e-13  2.72e-13  2.80e-13  2.87e-13
    255    24     2   1.08e-13  1.13e-13  1.23e-13  1.28e-13  1.30e-13  1.29e-13  1.27e-13  1.26e-13  1.24e-13  1.23e-13  1.22e-13
    256    24     3   3.57e-12  3.72e-12  3.90e-12  3.97e-12  3.99e-12  4.01e-12  4.02e-12  4.02e-12  4.02e-12  4.02e-12  4.01e-12
    257    24     4   5.38e-14  5.56e-14  5.74e-14  5.79e-14  5.79e-14  5.78e-14  5.77e-14  5.76e-14  5.77e-14  5.77e-14  5.76e-14
    258    24     5   1.56e-13  1.74e-13  2.05e-13  2.24e-13  2.32e-13  2.32e-13  2.31e-13  2.28e-13  2.25e-13  2.23e-13  2.20e-13
    259    24     6   6.35e-12  6.78e-12  7.37e-12  7.67e-12  7.85e-12  7.96e-12  8.04e-12  8.10e-12  8.14e-12  8.17e-12  8.18e-12
    260    24     7   2.70e-14  3.00e-14  3.63e-14  3.99e-14  4.11e-14  4.10e-14  4.06e-14  4.00e-14  3.94e-14  3.89e-14  3.85e-14
    261    24     8   4.26e-13  4.24e-13  4.35e-13  4.48e-13  4.61e-13  4.74e-13  4.88e-13  5.03e-13  5.19e-13  5.34e-13  5.48e-13
    262    24     9   3.32e-12  3.37e-12  3.54e-12  3.68e-12  3.80e-12  3.92e-12  4.04e-12  4.16e-12  4.28e-12  4.41e-12  4.52e-12
    263    24    10   2.09e-12  2.10e-12  2.17e-12  2.24e-12  2.31e-12  2.38e-12  2.46e-12  2.54e-12  2.62e-12  2.71e-12  2.78e-12
    264    24    11   3.47e-13  3.43e-13  3.51e-13  3.62e-13  3.71e-13  3.80e-13  3.89e-13  3.99e-13  4.08e-13  4.17e-13  4.25e-13
    265    24    12   4.21e-12  4.36e-12  4.57e-12  4.66e-12  4.69e-12  4.72e-12  4.74e-12  4.76e-12  4.78e-12  4.79e-12  4.81e-12
    266    24    13   1.86e-12  1.89e-12  1.96e-12  2.00e-12  2.03e-12  2.06e-12  2.08e-12  2.11e-12  2.14e-12  2.16e-12  2.19e-12
    267    24    14   1.53e-12  1.68e-12  1.63e-12  1.56e-12  1.49e-12  1.44e-12  1.40e-12  1.36e-12  1.34e-12  1.31e-12  1.29e-12
    268    24    15   8.43e-11  8.87e-11  9.27e-11  9.38e-11  9.44e-11  9.50e-11  9.58e-11  9.66e-11  9.75e-11  9.83e-11  9.89e-11
    269    24    16   1.68e-13  1.86e-13  1.84e-13  1.78e-13  1.72e-13  1.65e-13  1.60e-13  1.55e-13  1.51e-13  1.47e-13  1.44e-13
    270    24    17   2.27e-13  2.31e-13  2.63e-13  2.96e-13  3.21e-13  3.39e-13  3.55e-13  3.70e-13  3.83e-13  3.96e-13  4.07e-13
    271    24    18   3.07e-12  3.18e-12  4.09e-12  4.96e-12  5.49e-12  5.80e-12  5.99e-12  6.11e-12  6.21e-12  6.29e-12  6.35e-12
    272    24    19   1.46e-12  1.49e-12  1.73e-12  1.98e-12  2.15e-12  2.28e-12  2.38e-12  2.46e-12  2.54e-12  2.62e-12  2.68e-12
    273    24    20   2.70e-13  2.83e-13  3.18e-13  3.44e-13  3.59e-13  3.68e-13  3.74e-13  3.79e-13  3.83e-13  3.86e-13  3.88e-13
    274    24    21   1.30e-11  1.34e-11  1.45e-11  1.52e-11  1.56e-11  1.58e-11  1.60e-11  1.62e-11  1.63e-11  1.65e-11  1.66e-11
    275    24    22   3.44e-12  3.55e-12  3.87e-12  4.07e-12  4.19e-12  4.27e-12  4.33e-12  4.39e-12  4.44e-12  4.48e-12  4.52e-12
    276    24    23   2.20e-12  2.73e-12  3.35e-12  3.61e-12  3.70e-12  3.69e-12  3.63e-12  3.54e-12  3.44e-12  3.34e-12  3.23e-12
    277    25     1   2.02e-13  2.10e-13  2.24e-13  2.34e-13  2.42e-13  2.49e-13  2.57e-13  2.64e-13  2.72e-13  2.80e-13  2.87e-13
    278    25     2   1.71e-12  1.78e-12  1.87e-12  1.91e-12  1.92e-12  1.93e-12  1.93e-12  1.93e-12  1.93e-12  1.93e-12  1.93e-12
    279    25     3   5.21e-13  5.42e-13  5.70e-13  5.82e-13  5.85e-13  5.85e-13  5.84e-13  5.84e-13  5.83e-13  5.81e-13  5.80e-13
    280    25     4   1.50e-12  1.56e-12  1.64e-12  1.66e-12  1.67e-12  1.68e-12  1.68e-12  1.69e-12  1.69e-12  1.69e-12  1.69e-12
    281    25     5   1.55e-12  1.66e-12  1.82e-12  1.91e-12  1.95e-12  1.98e-12  1.99e-12  2.00e-12  2.01e-12  2.01e-12  2.01e-12
    282    25     6   1.86e-13  2.03e-13  2.32e-13  2.49e-13  2.55e-13  2.57e-13  2.57e-13  2.56e-13  2.55e-13  2.54e-13  2.52e-13
    283    25     7   4.80e-12  5.12e-12  5.56e-12  5.78e-12  5.91e-12  5.99e-12  6.06e-12  6.10e-12  6.14e-12  6.16e-12  6.18e-12
    284    25     8   1.86e-12  1.90e-12  2.01e-12  2.10e-12  2.17e-12  2.23e-12  2.30e-12  2.37e-12  2.43e-12  2.50e-12  2.56e-12
    285    25     9   9.24e-13  9.22e-13  9.48e-13  9.76e-13  1.00e-12  1.03e-12  1.07e-12  1.10e-12  1.13e-12  1.17e-12  1.20e-12
    286    25    10   3.05e-12  3.08e-12  3.19e-12  3.29e-12  3.40e-12  3.50e-12  3.62e-12  3.74e-12  3.86e-12  3.98e-12  4.09e-12
    287    25    11   2.80e-12  2.92e-12  3.07e-12  3.13e-12  3.15e-12  3.15e-12  3.15e-12  3.16e-12  3.16e-12  3.16e-12  3.16e-12
    288    25    12   7.72e-13  7.69e-13  7.89e-13  8.10e-13  8.29e-13  8.47e-13  8.65e-13  8.83e-13  9.01e-13  9.19e-13  9.34e-13
    289    25    13   2.85e-12  2.91e-12  3.02e-12  3.08e-12  3.12e-12  3.16e-12  3.19e-12  3.22e-12  3.26e-12  3.29e-12  3.32e-12
    290    25    14   8.94e-12  9.49e-12  9.75e-12  9.74e-12  9.69e-12  9.67e-12  9.67e-12  9.69e-12  9.72e-12  9.75e-12  9.77e-12
    291    25    15   5.44e-13  5.93e-13  5.91e-13  5.75e-13  5.58e-13  5.43e-13  5.31e-13  5.20e-13  5.12e-13  5.04e-13  4.98e-13
    292    25    16   7.65e-11  8.04e-11  8.41e-11  8.52e-11  8.58e-11  8.64e-11  8.71e-11  8.79e-11  8.87e-11  8.95e-11  9.01e-11
    293    25    17   2.29e-12  2.38e-12  3.16e-12  3.89e-12  4.33e-12  4.57e-12  4.70e-12  4.78e-12  4.84e-12  4.87e-12  4.90e-12
    294    25    18   3.57e-13  3.63e-13  4.14e-13  4.65e-13  5.04e-13  5.33e-13  5.58e-13  5.81e-13  6.02e-13  6.22e-13  6.40e-13
    295    25    19   2.12e-12  2.15e-12  2.51e-12  2.88e-12  3.13e-12  3.31e-12  3.46e-12  3.58e-12  3.70e-12  3.80e-12  3.90e-12
    296    25    20   1.11e-11  1.14e-11  1.24e-11  1.30e-11  1.33e-11  1.35e-11  1.36e-11  1.38e-11  1.39e-11  1.40e-11  1.41e-11
    297    25    21   4.25e-13  4.44e-13  5.00e-13  5.41e-13  5.64e-13  5.79e-13  5.88e-13  5.95e-13  6.01e-13  6.06e-13  6.10e-13
    298    25    22   5.18e-12  5.35e-12  5.81e-12  6.11e-12  6.29e-12  6.41e-12  6.50e-12  6.58e-12  6.66e-12  6.72e-12  6.78e-12
    299    25    23   3.36e-12  4.16e-12  5.10e-12  5.47e-12  5.60e-12  5.58e-12  5.49e-12  5.35e-12  5.21e-12  5.05e-12  4.89e-12
    300    25    24   1.63e-13  2.21e-13  3.15e-13  3.70e-13  3.94e-13  3.99e-13  3.94e-13  3.83e-13  3.70e-13  3.56e-13  3.41e-13
